00100100100000000000000000000000000000000000000000000000
00000100100000110000000000000000010000000100000000000000
00001011011000001100000000000000001000000110110000000000
00000110001000001100000000000000001000000110110000000000
00110101000000000000000000000000000000000000000000000000
00000100100000110000000000000000010000000100000000010000
00001011001000001100000000000000001000000110110000000001
00000101111000001100000000000000001000000110110000000001
00001010001000000000000000000000010000001000000000110000
00000100100000110000000000000000010000000100000000100000
00001110100100000011000000100000000000000000000000000010
00001110100100000011000000100000000000000000000000000010
00000100100000000000000100000000000010000110000000000000
00000100100000110000000000000000000100000100000000000000
00000100100000100000000000000000001000000001010000000001
00000111001000000000000000000000001000000000000000000000
00010100000000000000000000000000000000000000000000001110
00010100010000000000000000000000000000000000000000001100
01000110101000001100000100000001000000000000000000000000
00000100100000000000000000000000000000000000000000000000
00000100100000100000000100000001000010010110000000000000
00000100100000100000000100000001000010010001100000000001
00000100100000000000000100000000000010000001000000000001
01100100000100000000000000000000010000000000000000110010
01100100010100000000000000000000010000000000000000110000
00010110010100000000000000000000000000000000000000001010
01011000010000000000000000000000000000000000000000000000
00000100100000110000000000000000100000000000000000000010
00010111000100100000000000000001000000010000000000001010
00010111010100000000000000000000000000000000000000001000
00000100100000000000000100000000100001000000000000000010
00000100100000110000000000000000100000000000000000000000
10000000000001000000000000000000000000000000000000000000
00011000010100000000000000000000000000000000000000001010
00001110100100000011000000100000000000000000000001000010
00001000000010000000000000000000100000000000000000000010
00011001000000000000000000000000000000000000000000001110
00011001010000000000000000000000000000000000000000001110
00001110110100000000000000000010000000000000000000000010
00001111001000000000000010000000000000000000000000000000
00011010000100000000000000000000000000000000000000001010
00011010010100000000000000000000000000000000000000001010
00001111110000000000000100000000100001000000000000000010
00000100100000100000110000000000100000101000001000000010
01100110010000000000000000000000000000000000000000000000
01100111010000000000000000000000000000000000000000000000
00000000000000000000000000000000000000000000000000000000
00000000000000000000000000000000000000000000000000000000
00001110100100000011000000100000000000000000000010000010
00001110100100000011000000100000000000000000000010000010
00000000000000000000000000000000000000000000000000000000
00000000000000000000000000000000000000000000000000000000
00000000000000000000000000000000000000000000000000000000
00000000000000000000000000000000000000000000000000000000
00000000000000000000000000000000000000000000000000000000
00000000000000000000000000000000000000000000000000000000
00000000000000000000000000000000000000000000000000000000
00001110100100000011000000100000000000000000000010000010
00001001001000100000001000000100000000101000000000000000
00001001011000100000000000001000000000101000000000000000
00011111000100000000000000000000000000000000000000001010
00001110100100000011000000100000000000000000000010000010
00000100100000000000000100000000100000000000000000000010
00001010011000100000000000010000000000101000000000000000
